1.500000 0.0 33.750400 0.0 0.0 0.0 4.301260 0.0 3.165960
3.000000 0.0 63.024100 0.0 0.0 0.0 8.437610 0.0 6.276310
4.500000 0.0 86.200000 0.0 0.0 0.0 12.280500 0.0 9.281370
6.000000 0.0 103.914000 0.0 0.0 0.0 15.756000 0.0 12.141700
7.500000 0.0 117.440000 0.0 0.0 0.0 18.841300 0.0 14.830100
9.000000 0.0 127.915000 0.0 0.0 0.0 21.550000 0.0 17.331600
10.500000 0.0 136.181000 0.0 0.0 0.0 23.915300 0.0 19.641600
12.000000 0.0 142.828000 0.0 0.0 0.0 25.978400 0.0 21.763200
13.500000 0.0 148.270000 0.0 0.0 0.0 27.780600 0.0 23.705000
15.000000 0.0 152.794000 0.0 0.0 0.0 29.360000 0.0 25.478800
16.500000 0.0 156.609000 0.0 0.0 0.0 30.749900 0.0 27.098000
18.000000 0.0 159.866000 0.0 0.0 0.0 31.978800 0.0 28.576300
19.500000 0.0 162.677000 0.0 0.0 0.0 33.070500 0.0 29.927100
21.000000 0.0 165.125000 0.0 0.0 0.0 34.045200 0.0 31.163100
22.500000 0.0 167.275000 0.0 0.0 0.0 34.919400 0.0 32.296000
24.000000 0.0 169.179000 0.0 0.0 0.0 35.707100 0.0 33.336400
25.500000 0.0 170.876000 0.0 0.0 0.0 36.419800 0.0 34.293800
27.000000 0.0 172.397000 0.0 0.0 0.0 37.067400 0.0 35.176700
28.500000 0.0 173.769000 0.0 0.0 0.0 37.658000 0.0 35.992600
30.000000 0.0 175.011000 0.0 0.0 0.0 38.198500 0.0 36.748300
31.500000 0.0 176.142000 0.0 0.0 0.0 38.695000 0.0 37.449700
33.000000 0.0 177.176000 0.0 0.0 0.0 39.152400 0.0 38.102100
34.500000 0.0 178.124000 0.0 0.0 0.0 39.575000 0.0 38.710000
36.000000 0.0 178.997000 0.0 0.0 0.0 39.966600 0.0 39.277800
37.500000 0.0 179.804000 0.0 0.0 0.0 40.330400 0.0 39.808900
39.000000 0.0 180.551000 0.0 0.0 0.0 40.669100 0.0 40.306700
40.500000 0.0 181.245000 0.0 0.0 0.0 40.985400 0.0 40.762800
42.000000 0.0 181.891000 0.0 0.0 0.0 41.281200 0.0 41.030900
43.500000 0.0 182.494000 0.0 0.0 0.0 41.558500 0.0 41.065000
45.000000 0.0 183.059000 0.0 0.0 0.0 41.818900 0.0 40.867300
46.500000 0.0 183.588000 0.0 0.0 0.0 42.063900 0.0 40.443600
48.000000 0.0 184.086000 0.0 0.0 0.0 42.294800 0.0 39.803200
49.500000 0.0 184.554000 0.0 0.0 0.0 42.512900 0.0 38.958400
51.000000 0.0 184.995000 0.0 0.0 0.0 42.612400 0.0 37.924200
52.500000 0.0 185.412000 0.0 0.0 0.0 42.248900 0.0 36.718200
54.000000 0.0 185.807000 0.0 0.0 0.0 41.409400 0.0 35.359800
55.500000 0.0 186.181000 0.0 0.0 0.0 40.123100 0.0 33.870100
57.000000 0.0 186.535000 0.0 0.0 0.0 38.433600 0.0 32.270900
58.500000 0.0 186.872000 0.0 0.0 0.0 36.396100 0.0 30.584800
60.000000 0.0 187.193000 0.0 0.0 0.0 34.074800 0.0 28.834200
61.500000 0.0 187.498000 0.0 0.0 0.0 31.539200 0.0 27.041400
63.000000 0.0 187.789000 0.0 0.0 0.0 28.861200 0.0 25.227600
64.500000 0.0 188.067000 0.0 0.0 0.0 26.111300 0.0 23.412900
66.000000 0.0 188.333000 0.0 0.0 0.0 23.355900 0.0 21.615900
67.500000 0.0 188.587000 0.0 0.0 0.0 20.654900 0.0 19.853500
69.000000 0.0 188.830000 0.0 0.0 0.0 18.059800 0.0 18.140600
70.500000 0.0 189.063000 0.0 0.0 0.0 15.612300 0.0 16.490000
72.000000 0.0 189.286000 0.0 0.0 0.0 13.344100 0.0 14.912500
73.500000 0.0 189.501000 0.0 0.0 0.0 11.276800 0.0 13.416600
75.000000 0.0 189.707000 0.0 0.0 0.0 9.422220 0.0 12.008900
76.500000 0.0 189.905000 0.0 0.0 0.0 7.783920 0.0 10.693900
78.000000 0.0 190.096000 0.0 0.0 0.0 6.358020 0.0 9.474260
79.500000 0.0 190.280000 0.0 0.0 0.0 5.134830 0.0 8.350860
81.000000 0.0 190.457000 0.0 0.0 0.0 4.100270 0.0 7.323150
82.500000 0.0 190.627000 0.0 0.0 0.0 3.237300 0.0 6.389220
84.000000 0.0 190.792000 0.0 0.0 0.0 2.527200 0.0 5.546040
85.500000 0.0 190.951000 0.0 0.0 0.0 1.950670 0.0 4.789680
87.000000 0.0 191.105000 0.0 0.0 0.0 1.488730 0.0 4.115480
88.500000 0.0 191.253000 0.0 0.0 0.0 1.123410 0.0 3.518240
90.000000 0.0 191.397000 0.0 0.0 0.0 0.838209 0.0 2.992440
91.500000 0.0 191.536000 0.0 0.0 0.0 0.618385 0.0 2.532330
93.000000 0.0 191.670000 0.0 0.0 0.0 0.451085 0.0 2.132130
94.500000 0.0 191.801000 0.0 0.0 0.0 0.325351 0.0 1.786090
96.000000 0.0 191.927000 0.0 0.0 0.0 0.232029 0.0 1.488660
97.500000 0.0 192.049000 0.0 0.0 0.0 0.163617 0.0 1.234490
99.000000 0.0 192.168000 0.0 0.0 0.0 0.114080 0.0 1.018550
100.500000 0.0 192.284000 0.0 0.0 0.0 0.078648 0.0 0.836146
102.000000 0.0 192.396000 0.0 0.0 0.0 0.053613 0.0 0.682946
103.500000 0.0 192.504000 0.0 0.0 0.0 0.036137 0.0 0.555004
105.000000 0.0 192.610000 0.0 0.0 0.0 0.024084 0.0 0.448759
106.500000 0.0 192.713000 0.0 0.0 0.0 0.015871 0.0 0.361025
108.000000 0.0 192.813000 0.0 0.0 0.0 0.010341 0.0 0.288982
109.500000 0.0 192.910000 0.0 0.0 0.0 0.006663 0.0 0.230151
111.000000 0.0 193.005000 0.0 0.0 0.0 0.004245 0.0 0.182376
112.500000 0.0 193.097000 0.0 0.0 0.0 0.002674 0.0 0.143791
114.000000 0.0 193.187000 0.0 0.0 0.0 0.001665 0.0 0.112799
115.500000 0.0 193.274000 0.0 0.0 0.0 0.001026 0.0 0.088043
117.000000 0.0 193.359000 0.0 0.0 0.0 0.000625 0.0 0.068375
118.500000 0.0 193.443000 0.0 0.0 0.0 0.000376 0.0 0.052834
120.000000 0.0 193.524000 0.0 0.0 0.0 0.000224 0.0 0.040620
121.500000 0.0 193.603000 0.0 0.0 0.0 0.000132 0.0 0.031073
123.000000 0.0 193.680000 0.0 0.0 0.0 0.000077 0.0 0.023651
124.500000 0.0 193.755000 0.0 0.0 0.0 0.000044 0.0 0.017911
126.000000 0.0 193.829000 0.0 0.0 0.0 0.000025 0.0 0.013496
127.500000 0.0 193.901000 0.0 0.0 0.0 0.000014 0.0 0.010119
129.000000 0.0 193.971000 0.0 0.0 0.0 0.000008 0.0 0.007548
130.500000 0.0 194.040000 0.0 0.0 0.0 0.000004 0.0 0.005602
132.000000 0.0 194.107000 0.0 0.0 0.0 0.000002 0.0 0.004138
133.500000 0.0 194.172000 0.0 0.0 0.0 0.000001 0.0 0.003040
135.000000 0.0 194.236000 0.0 0.0 0.0 0.000001 0.0 0.002223
136.500000 0.0 194.299000 0.0 0.0 0.0 0.000000 0.0 0.001617
138.000000 0.0 194.360000 0.0 0.0 0.0 0.000000 0.0 0.001170
139.500000 0.0 194.420000 0.0 0.0 0.0 0.000000 0.0 0.000843
141.000000 0.0 194.479000 0.0 0.0 0.0 0.000000 0.0 0.000604
142.500000 0.0 194.537000 0.0 0.0 0.0 0.000000 0.0 0.000431
144.000000 0.0 194.593000 0.0 0.0 0.0 0.000000 0.0 0.000306
145.500000 0.0 194.649000 0.0 0.0 0.0 0.000000 0.0 0.000216
147.000000 0.0 194.703000 0.0 0.0 0.0 0.000000 0.0 0.000151
148.500000 0.0 194.756000 0.0 0.0 0.0 0.000000 0.0 0.000106
150.000000 0.0 194.808000 0.0 0.0 0.0 0.000000 0.0 0.000074
